Time RV eRV
53158.764366 0 1.49
53201.586793 -8.47499999999979 1.53
53511.798846 -5.12699999999988 1.51
53520.781048 2.90799999999969 1.63
53783.863348 3.57900000000022 1.13
53810.852282 0.345000000000262 1
53811.891816 3.84600000000024 1.47
53812.865858 2.95600000000018 1.2
53814.849083 -6.34300000000021 0.91
53816.857459 -6.33200000000045 1.13
53830.860468 -3.82399999999983 1.06
53832.903068 2.67799999999951 1.15
53834.884977 1.95900000000027 1.04
53836.887788 -2.50000000000039 0.91
53861.796371 11.0939999999999 1.06
53862.772051 10.8249999999996 1.21
53863.797178 8.47499999999979 1.02
53864.753954 5.91600000000003 1.12
53865.785606 1.10700000000019 1.01
53866.74312 1.88699999999997 0.93
53867.835652 2.80799999999992 1.11
53868.813512 4.32800000000011 1.09
53869.789495 7.75900000000007 1.13
53870.810097 6.02899999999984 1.29
53871.815952 0.91999999999981 1.29
53882.73297 -0.384000000000384 0.96
53886.70355 0.129000000000268 0.91
53887.773514 -0.511000000000372 0.86
53917.737524 0.706000000000095 1.57
53919.712544 4.64799999999954 1.61
53921.615825 2.12900000000005 0.95
53944.566259 1.53200000000009 1.46
53947.578821 9.67399999999952 2.55
53950.601834 4.86499999999968 1.39
53976.497106 6.68999999999986 1.07
53979.594316 3.05200000000028 1.62
53981.555311 -0.657000000000352 1.04
53982.526504 0.023999999999802 1.17
54167.866839 1.45000000000017 1.08
54169.864835 3.3909999999997 1.11
54171.876906 10.0119999999997 1.05
54173.856452 2.41399999999992 1.09
54194.84729 4.98599999999971 1.17
54196.819157 0.696999999999726 1.27
54197.797125 -0.372999999999735 1.43
54198.803823 -0.551999999999886 1.27
54199.854238 4.91900000000012 0.96
54200.815699 6.35899999999978 1.04
54201.918397 5.60000000000027 1.11
54202.802697 0.329999999999941 1.14
54227.831743 4.06499999999976 1.41
54228.80586 8.37500000000002 1.12
54229.773888 11.4460000000003 1.68
54230.845843 5.94599999999978 1.1
54231.801726 3.1270000000001 1.02
54232.721251 2.19699999999978 1.78
54233.910349 1.50800000000029 1.98
54234.790981 2.36899999999984 1.14
54253.728334 5.56000000000001 1.33
54254.755898 0.639999999999752 0.98
54255.70935 1.31100000000028 1.2
54256.697674 3.64100000000001 1.32
54257.704446 6.31199999999943 1.18
54258.698322 8.77199999999956 1.12
54291.675565 -0.628999999999991 1.74
54292.655662 2.04199999999943 1.25
54293.708786 6.28299999999982 1.07
54295.628628 7.75400000000026 1.49
54296.670395 -0.215999999999994 1.23
54297.631678 -0.865000000000116 1.02
54298.654206 -2.60499999999997 1.2
54299.678909 1.72599999999967 1.4
54300.764649 3.90699999999988 1.12
54314.691809 1.00500000000014 2.4
54315.637551 5.64499999999946 1.84
54316.554926 9.97599999999998 1.57
54319.604048 -2.9830000000004 1.07
54320.616852 -1.99200000000044 1.19
54340.596942 3.3789999999998 1.03
54342.53182 1.89099999999964 1.01
54343.530662 5.50099999999976 1.11
54346.551084 2.84299999999948 1.59
54349.5695 -0.535000000000174 1.27
54522.886464 2.77399999999961 1.1
54524.883089 7.29500000000005 1.19
54525.892144 4.9159999999997 1.07
54526.871196 4.53700000000001 0.99
54527.897962 0.696999999999726 1.14
54528.903672 -0.682000000000293 1.24
54529.869217 3.81799999999988 1.11
54530.878876 5.68900000000028 1
54550.901932 -2.15000000000032 1.06
54551.868783 0.810999999999673 1
54552.880221 4.07199999999985 0.96
54554.846366 6.31299999999957 1.18
54555.87079 1.48299999999946 1.07
54556.838936 0.534000000000034 0.98
54557.804592 0.043999999999933 1.09
54562.905075 5.02700000000011 1.05
54563.898808 2.53799999999949 1
54564.895759 0.92800000000004 1.2
54568.891702 8.84099999999943 1.48
54569.881078 3.74099999999977 1.27
54570.870766 2.4519999999999 1.36
54583.933324 4.36899999999962 1.56
54587.919825 2.36199999999975 1.55
54588.909632 7.212 1.51
54590.901964 8.10300000000019 1.4
54591.900611 3.50399999999951 1.43
54592.897751 1.50499999999987 1.12
54593.919961 0.914999999999999 1.14
54610.87823 13.8850000000001 1.43
54611.856581 10.5949999999995 1.01
54616.841719 9.46800000000003 1.36
54617.806576 10.6289999999998 1.74
54618.664475 10.7089999999994 2.63
54639.86773 8.24200000000008 1.55
54640.723804 10.872 1.15
54641.766933 6.8229999999998 1.27
54642.67695 5.55299999999992 1.09
54643.68613 -0.496000000000052 1.25
54644.732044 2.48399999999993 1.03
54646.639658 8.95500000000027 1.43
54647.63021 7.69600000000015 1.21
54648.65709 4.99699999999947 1.42
54658.650838 0.421999999999478 1.37
54660.650214 3.82399999999983 1.52
54661.760056 5.72399999999984 1.34
54662.664144 6.87499999999996 1.44
54663.784376 2.75499999999962 1.28
54664.766558 3.58599999999942 2.13
54665.774513 1.02599999999953 1.34
54666.683607 4.17699999999943 1.29
54674.576462 10.6820000000001 1.78
54677.663487 13.1629999999996 3.15
54679.572671 3.6839999999998 1.85
54681.573996 7.79599999999991 1.55
54701.523392 4.41700000000012 1.16
54708.564794 2.94099999999986 1.29
54733.48729 14.1249999999999 3.86
54735.499425 1.60699999999991 1.63
54736.550865 -0.903000000000098 1.52
54746.485935 -1.09700000000057 0.99
54992.721062 12.054 1.14
54995.741739 4.59600000000027 1.31
54998.708975 8.55799999999984 1.46
55053.694541 0.208999999999904 1.55
55276.88259 6.32799999999989 1.26
55278.827303 5.62899999999988 1.34
55280.8548 8.23000000000018 1.36
55283.868014 4.56199999999995 1.09
55287.860052 9.67399999999952 1.12
55294.88272 11.6579999999997 1.06
55295.754277 12.4589999999998 1.45
55297.80575 8.04000000000027 1.19
55298.813775 7.16999999999945 1.15
55299.785905 8.92099999999996 2.38
55300.876852 10.1019999999998 1.24
55301.896438 12.6219999999995 1.73
55323.705436 13.6849999999997 1.27
55326.717047 5.10599999999961 1.68
55328.702599 6.48800000000005 1.47
55335.651717 7.43199999999966 1.64
55337.704618 11.0330000000003 1.68
55338.649293 18.2830000000003 2.66
55339.713716 9.49400000000011 1.92
55341.789626 4.16499999999953 1.2
55342.720036 10.4059999999997 1.58
55349.682257 9.19999999999987 1.44
55352.601155 18.6009999999994 1.75
55354.642822 12.3530000000001 1.14
55355.576777 9.47299999999984 1.43
55358.754723 14.1549999999997 1.71
55359.599377 11.2350000000001 1.45
55673.791183 9.71600000000006 1.47
55777.715412 19.2759999999996 1.99
55779.530103 16.0070000000001 1.29
55809.547632 10.2739999999999 1.18
55815.538689 6.54799999999955 1.25
